0.000166
0.000329
0.00049
0.000649
0.000806
0.000961
0.001113
0.001264
0.001412
0.001558
0.001702
0.001844
0.001984
0.002121
0.002256
0.00239
0.00252
0.002649
0.002775
0.002899
0.003021
0.00314
0.003257
0.003371
0.003483
0.003592
0.003699
0.003803
0.003904
0.004002
0.004097
0.00419
0.004279
0.004365
0.004447
0.004527
0.004602
0.004674
0.004742
0.004807
0.004867
0.004922
0.004974
0.00502
0.005062
0.005098
0.005129
0.005155
0.005174
0.005187
0.005193
0.005193
0.005185
0.005168
0.005144
0.00511
0.005067
0.005013
0.004948
0.004872
0.004782
0.004679
0.004561
0.004427
0.004274
0.004103
0.003911
0.003695
0.003455
0.003185
0.002885
0.00255
0.002176
0.001758
0.001291
0.000768
0.00018
0.000482
0.001229
0.002076
0.003041
0.004147
0.00542
0.006899
0.008632
0.010682
0.01314
0.016129
0.019832
0.024527
0.030653
0.038961
0.050832
0.069125
0.100886
0.169397
0.424619
1.248654
0.276231
0.162636
0.118701
0.095425
0.081035
0.071275
0.064234
0.058923
0.054783
0.051472
0.048767
0.046521
0.04463
0.043019
0.041632
0.040429
0.039377
0.038451
0.037631
0.036902
0.036251
0.035666
0.03514
0.034665
0.034235
0.033844
0.033488
0.033164
0.032867
0.032596
0.032347
0.032118
0.031908
0.031715
0.031537
0.031373
0.031221
0.031081
0.030951
0.030831
0.03072
0.030618
0.030522
0.030434
0.030352
0.030276
0.030205
0.030139
0.030077
0.03002
0.029967
0.029917
0.02987
0.029827
0.029785
0.029747
0.02971
0.029676
0.029643
0.029612
0.029583
0.029554
0.029527
0.029501
0.029475
0.02945
0.029425
0.029401
0.029377
0.029352
0.029328
0.029304
0.029279
0.029254
0.029228
0.029202
0.029174
0.029146
0.029117
0.029086
0.029055
0.029022
0.028987
0.028951
0.028913
0.028873
0.028831
0.028787
0.028741
0.028693
0.028642
0.028588
0.028531
0.028472
0.028409
0.028344
0.028274
0.028202
0.028125
0.028044
0.02796
0.027871
0.027777
0.027679
0.027575
0.027467
0.027353
0.027233
0.027107
0.026975
0.026836
0.02669
0.026536
0.026375
0.026206
0.026028
0.025841
0.025645
0.025438
0.025221
0.024993
0.024753
0.024501
0.024235
0.023955
0.02366
0.023349
0.023021
0.022675
0.02231
0.021925
0.021517
0.021086
0.02063
0.020146
0.019633
0.019089
0.01851
0.017895
0.017239
0.01654
0.015793
0.014993
0.014137
0.013217
0.012228
0.011162
0.01001
0.008763
0.007409
0.005933
0.004322
0.002555
0.000611
0.001538
0.003924
0.006588
0.009578
0.012957
0.016804
0.021221
0.026342
0.032347
0.039482
0.048094
0.058691
0.07204
0.089364
0.112738
0.145982
0.196995
0.285168
0.474241
1.168396
3.66732
0.772648
0.449836
0.325646
0.259909
0.219229
0.191582
0.171574
0.156428
0.144567
0.135029
0.127195
0.120647
0.115093
0.110325
0.106187
0.102564
0.099364
0.096519
0.093973
0.091682
0.089609
0.087725
0.086006
0.08443
0.082981
0.081644
0.080406
0.079257
0.078188
0.077191
0.076258
0.075383
0.074561
0.073788
0.073058
0.072369
0.071717
0.071098
0.07051
0.069951
0.069419
0.068911
0.068425
0.067961
0.067515
0.067088
0.066677
0.066282
0.065902
0.065535
0.06518
0.064837
0.064505
0.064183
0.06387
0.063566
0.06327
0.062982
0.062701
0.062426
0.062157
0.061894
0.061636
0.061383
0.061134
0.060889
0.060648
0.060409
0.060174
0.059942
0.059711
0.059483
0.059256
0.059031
0.058807
0.058584
0.058361
0.058139
0.057917
0.057695
0.057473
0.057249
0.057026
0.0568
0.056574
0.056346
0.056116
0.055884
0.05565
0.055413
0.055173
0.05493
0.054684
0.054434
0.054181
0.053923
0.05366
0.053393
0.05312
0.052842
0.052559
0.052269
0.051972
0.051669
0.051358
0.05104
0.050714
0.050379
0.050034
0.049681
0.049317
0.048942
0.048556
0.048158
0.047748
0.047324
0.046886
0.046433
0.045965
0.045479
0.044976
0.044454
0.043913
0.04335
0.042765
0.042155
0.041521
0.040859
0.040168
0.039447
0.038692
0.037902
0.037073
0.036204
0.035291
0.034331
0.033319
0.032251
0.031124
0.029931
0.028667
0.027326
0.025899
0.024379
0.022756
0.021019
0.019157
0.017155
0.014997
0.012663
0.010133
0.007379
0.004371
0.001072
0.002561
0.006582
0.011057
0.016068
0.021714
0.028127
0.035473
0.043971
0.053914
0.065707
0.079916
0.097369
0.11932
0.147763
0.186078
0.240483
0.323807
0.467452
0.774081
1.884814
6.364077
1.279746
0.740378
0.534222
0.425367
0.358076
0.312359
0.279272
0.254215
0.23458
0.218778
0.205785
0.194912
0.185679
0.17774
0.17084
0.164786
0.159431
0.154661
0.150383
0.146524
0.143025
0.139838
0.136922
0.134242
0.131772
0.129486
0.127365
0.12539
0.123546
0.121821
0.120202
0.11868
0.117245
0.11589
0.114608
0.113393
0.112239
0.111141
0.110095
0.109096
0.108141
0.107227
0.106351
0.105509
0.1047
0.103921
0.103171
0.102446
0.101746
0.101068
0.100412
0.099776
0.099158
0.098557
0.097972
0.097403
0.096847
0.096305
0.095775
0.095256
0.094748
0.09425
0.093761
0.09328
0.092808
0.092343
0.091884
0.091432
0.090986
0.090544
0.090108
0.089675
0.089247
0.088821
0.088399
0.087979
0.087561
0.087145
0.08673
0.086316
0.085903
0.085489
0.085076
0.084662
0.084247
0.08383
0.083412
0.082992
0.08257
0.082145
0.081716
0.081284
0.080848
0.080408
0.079963
0.079512
0.079056
0.078594
0.078126
0.077651
0.077168
0.076677
0.076178
0.075669
0.075152
0.074623
0.074085
0.073534
0.072972
0.072397
0.071808
0.071204
0.070586
0.069951
0.069299
0.06863
0.067941
0.067231
0.066501
0.065747
0.064969
0.064166
0.063335
0.062476
0.061585
0.060662
0.059703
0.058708
0.057672
0.056594
0.05547
0.054297
0.053072
0.05179
0.050448
0.04904
0.047561
0.046005
0.044366
0.042637
0.040809
0.038873
0.036819
0.034636
0.032311
0.029828
0.027171
0.024319
0.021251
0.01794
0.014356
0.010461
0.006215
0.001565
0.00355
0.009203
0.015486
0.022511
0.030419
0.03939
0.049655
0.061517
0.075384
0.091814
0.111594
0.135867
0.166367
0.205851
0.258985
0.334341
0.449573
0.647768
1.069033
2.575323
9.390162
1.797885
1.034326
0.744452
0.591808
0.49758
0.43361
0.38733
0.352286
0.324825
0.30272
0.284539
0.269319
0.256389
0.245264
0.23559
0.227096
0.219578
0.212875
0.206859
0.201428
0.1965
0.192005
0.187889
0.184103
0.180608
0.177371
0.174364
0.171561
0.168941
0.166486
0.16418
0.162009
0.15996
0.158023
0.156188
0.154445
0.152789
0.15121
0.149704
0.148265
0.146887
0.145567
0.144299
0.14308
0.141907
0.140776
0.139685
0.13863
0.13761
0.136621
0.135663
0.134733
0.133829
0.132949
0.132092
0.131256
0.130441
0.129644
0.128865
0.128102
0.127354
0.126621
0.125901
0.125193
0.124497
0.123811
0.123136
0.122469
0.121811
0.121161
0.120518
0.119881
0.119251
0.118625
0.118004
0.117387
0.116774
0.116163
0.115555
0.114949
0.114345
0.113741
0.113138
0.112535
0.111931
0.111326
0.11072
0.110112
0.109501
0.108887
0.10827
0.107649
0.107023
0.106392
0.105755
0.105113
0.104463
0.103807
0.103142
0.102469
0.101787
0.101096
0.100393
0.09968
0.098955
0.098217
0.097466
0.0967
0.095919
0.095122
0.094309
0.093477
0.092625
0.091754
0.090861
0.089945
0.089005
0.088039
0.087047
0.086025
0.084972
0.083887
0.082768
0.081611
0.080416
0.079178
0.077896
0.076567
0.075187
0.073752
0.072259
0.070704
0.069082
0.067388
0.065616
0.063761
0.061815
0.059771
0.057621
0.055355
0.052964
0.050435
0.047755
0.04491
0.041883
0.038654
0.035203
0.031503
0.027527
0.023239
0.018603
0.01357
0.008086
0.002087
0.004505
0.011786
0.019873
0.028907
0.039071
0.050592
0.063767
0.078982
0.096758
0.117806
0.143129
0.174185
0.213183
0.263631
0.331462
0.427561
0.574304
0.826145
1.35921
3.241274
12.81022
2.327441
1.331742
0.956357
0.759243
0.637747
0.555337
0.495749
0.450642
0.415301
0.386854
0.363457
0.343868
0.327222
0.312898
0.300437
0.289495
0.279806
0.271163
0.263403
0.256395
0.250032
0.244226
0.238906
0.234011
0.229489
0.225299
0.221403
0.21777
0.214372
0.211186
0.208192
0.20537
0.202706
0.200186
0.197796
0.195525
0.193365
0.191306
0.189339
0.187459
0.185657
0.183929
0.182269
0.180673
0.179135
0.177651
0.176219
0.174834
0.173493
0.172194
0.170933
0.169708
0.168517
0.167358
0.166229
0.165127
0.164051
0.163
0.161971
0.160963
0.159976
0.159007
0.158056
0.15712
0.1562
0.155294
0.154401
0.153521
0.152651
0.151792
0.150942
0.150101
0.149268
0.148442
0.147622
0.146808
0.145999
0.145194
0.144393
0.143595
0.142799
0.142005
0.141212
0.14042
0.139627
0.138834
0.138039
0.137243
0.136444
0.135641
0.134835
0.134024
0.133208
0.132387
0.131559
0.130724
0.129881
0.12903
0.128169
0.127299
0.126417
0.125525
0.124619
0.123701
0.122768
0.121821
0.120857
0.119876
0.118877
0.117858
0.116819
0.115759
0.114675
0.113567
0.112432
0.111271
0.11008
0.108857
0.107602
0.106312
0.104985
0.103619
0.10221
0.100757
0.099256
0.097705
0.0961
0.094436
0.092712
0.090921
0.089059
0.087122
0.085104
0.082997
0.080797
0.078494
0.076082
0.07355
0.070889
0.068088
0.065133
0.062011
0.058706
0.055199
0.051471
0.047498
0.043253
0.038706
0.033823
0.028561
0.022873
0.016704
0.009986
0.002641
0.005427
0.014333
0.024218
0.035257
0.04767
0.061734
0.077809
0.096366
0.118035
0.143681
0.174521
0.212325
0.259769
0.321104
0.403511
0.520148
0.698012
1.002611
1.644719
3.883925
16.707002
2.868806
1.632691
1.169957
0.927681
0.778581
0.677544
0.604531
0.549285
0.50601
0.471182
0.442539
0.418558
0.39818
0.380642
0.365383
0.351982
0.340113
0.329525
0.320015
0.311425
0.303622
0.296502
0.289975
0.283967
0.278416
0.27327
